class BigSnotGlob extends BioGlob;

defaultproperties
{
     GloblingSpeed=90.000000
     RestTime=1.250000
     TouchDetonationDelay=0.500000
     GoopLevel=2
     GoopVolume=10.000000
     MaxEffectDistance=3500.000000
     LifeSpan=10.000000
     DrawScale=2.500000
}
